100
5.707351119255666
2.2887474975298776
2.8788348813426246
6.218408406235824
6.9339706210181085
-1.8389630808832038
7.635027627301086
0.9974454597106197
1.8053915104699592
-0.33349720601141897
0.5278449944844996
5.894922545121082
2.918548887283068
8.568967073203503
4.036773068634456
5.828079851934129
5.152553089651327
1.6313029510880699
3.462562719211876
-0.5191910277996525
5.525584178993656
4.78305527041703
9.672697471798996
2.4603156722346764
4.977478288544416
2.3832397594638097
5.519265135429421
0.20655610191389062
1.228000492379396
1.9102356213946472
0.13576494222694935
10.192519829809271
1.0885429341852695
4.26060233051651
2.725753306497182
0.885042232433757
2.97577720111191
0.49142007156746015
0.17155161830172094
-0.8076501238300922
-1.430762806515638
3.857266825663545
6.252575648319533
-2.7090613383977606
8.375908200040705
-10.166174069501084
-3.827676849743293
2.167091181470699
3.2798528147296686
0.23410706584579932
4.298525692329344
6.452509497154788
4.092511544326934
-2.973801787455698
2.4182638366736517
7.254493227304074
4.2752426764681575
11.112322670824803
6.076857270119918
11.399213176203514
6.609069025050677
-1.05855341872474
-3.7888671165096843
-0.49875642967959566
2.7779992500951294
4.186287258706722
-0.5167162221520853
7.956664698105116
-3.064565034103687
-1.734723430182398
5.7967598323883145
-5.39456357323656
6.399702565957821
2.497631710955618
1.5041456634850106
6.783859900751025
1.0424240458067433
6.377658112932806
-1.720344731266982
6.451674327268972
5.494548109624221
-0.27341508815985627
5.533063864072274
3.832792698332547
1.0890224486213478
4.422701810761641
7.992808842565508
0.6058628521344587
0.6100442453630586
2.590064807189876
-0.6698542852017559
5.9799838006704
3.276763872052395
6.65771904012016
-0.1563320970479598
0.14801548702276746
7.95852159619891
5.55884004929988
3.1597023230848444
-1.4961274789889858
